%YAML:1.0
# camera parameter
# lens is either pinhole or fisheye

lens: fisheye

fx: 1603.307835
fy: 1597.988146
cx: 1886.895365
cy: 1235.335817

k1: -0.018166 
k2: 0.075004 
p1/k3: -0.054713 
p2/k4: 0.015506



